Tao Long (06558680)
Text Description for Project 6



***ps: if the program cannot run, please contact me immediately! I might mistakenly add some files in my project's CMakeFiles??? I totally have no idea ㅠㅠ

For the elapsed time for doing a binary insertion sort on the vector V and doing an insertion sort on linked list, we could see a big difference between them
as we turn the length longer. Since we could only get random number to generate the vector and the linkedlist from 0-99, there are so many numbers which are same
to others. For example,

         Enter a seed: 189219281
         Enter the length: 1210

         Unsorted:           7 74 48 42 79 79 8 47 44 30 51 41 97 79 63 60 46 34 89 92 78 3 37 89 30 25 9 93 43 75 66 51 70 80 62 5 41 13 92 61 87 6 26 13 13 55 19 9 13 73 51 26 19 86 41 6 1 57 89 57 53 73 51 43 64 82 53 37 25 11 46 14 42 40 25 99 53 31 18 39 97 52 24 82 71 51 74 32 84 73 79 51 61 82 23 12 27 11 38 74 44 21 5 35 96 34 39 28 56 21 57 52 66 40 84 28 37 83 26 28 38 80 60 17 31 17 9 27 15 28 57 40 65 32 67 78 9 36 41 35 68 74 94 13 95 57 95 65 16 49 98 81 69 28 3 84 8 52 84 88 30 85 44 16 21 97 69 65 97 15 53 58 34 7 52 54 46 20 50 55 56 13 21 39 1 17 63 70 68 7 18 26 98 50 82 40 94 24 50 50 33 56 91 29 54 74 7 94 18 20 64 62 19 53 49 75 20 39 85 75 45 75 77 17 1 28 50 43 1 99 20 42 85 85 9 89 85 11 13 65 55 17 86 87 88 7 58 85 30 80 93 97 84 16 40 62 94 8 76 38 83 41 97 23 46 53 89 23 42 54 28 60 95 43 32 22 64 54 76 99 61 16 78 67 81 7 53 51 18 47 28 89 77 27 70 70 85 63 58 72 85 23 72 49 33 77 31 98 53 34 54 77 35 23 26 49 30 87 58 45 48 95 44 64 12 41 25 38 70 5 29 10 61 80 71 32 11 84 63 30 22 22 65 76 71 75 7 23 92 36 98 17 82 37 52 77 78 68 73 62 6 17 81 89 61 32 47 95 99 79 40 60 66 18 27 12 85 19 56 71 64 67 40 18 59 83 57 38 40 20 25 21 99 66 39 96 72 57 33 54 11 23 10 74 63 3 64 69 61 42 93 42 66 59 78 8 17 96 12 74 22 15 61 42 92 80 74 33 64 17 81 39 42 97 31 89 72 19 68 4 21 90 78 13 35 48 6 25 57 8 2 47 91 38 4 82 38 89 6 49 94 79 94 21 15 79 0 52 51 9 5 82 90 68 76 16 29 88 20 50 34 78 9 5 29 20 68 36 59 84 2 55 96 20 4 89 50 49 53 31 84 89 31 12 73 68 39 53 46 48 56 42 74 74 41 0 60 16 4 29 54 93 3 41 43 23 96 8 41 80 45 66 14 61 88 25 91 71 56 73 72 67 60 28 68 26 8 57 96 58 47 26 44 5 43 5 85 30 69 93 64 75 20 70 63 1 30 10 92 89 85 23 2 35 86 89 20 84 45 65 15 2 97 2 56 35 46 34 94 93 72 94 97 49 38 18 89 14 22 95 68 0 8 69 0 77 14 51 69 40 23 55 65 88 82 64 15 10 31 29 67 50 98 38 43 85 26 29 32 63 22 33 74 23 35 24 44 69 22 34 5 39 78 13 37 84 26 73 98 71 62 71 32 95 85 71 66 19 71 96 83 44 51 54 63 21 85 53 3 73 24 57 29 82 20 16 25 35 7 51 37 77 20 11 64 75 64 49 44 42 34 0 59 39 67 57 61 75 66 43 38 56 50 93 22 91 22 85 90 38 11 81 78 41 65 70 94 40 40 36 92 12 16 17 31 53 53 65 14 68 16 40 62 15 49 38 12 58 11 20 5 94 80 23 14 10 67 57 40 89 39 12 17 67 83 11 12 0 5 99 48 72 6 73 18 32 79 41 65 71 23 48 91 96 13 78 90 92 95 79 5 9 34 78 92 65 22 74 91 16 63 83 64 86 33 41 21 23 86 23 17 41 84 66 79 9 94 54 41 1 62 48 93 5 63 5 13 11 69 89 42 68 62 74 4 79 94 89 9 8 35 99 21 64 39 83 1 7 14 68 55 72 3 16 17 21 23 25 75 58 6 24 57 3 21 45 28 57 65 7 2 4 96 69 54 75 59 79 47 58 38 42 50 90 44 81 59 35 41 90 74 59 67 99 28 65 65 4 38 38 96 32 64 73 37 20 39 52 12 20 59 3 52 91 20 2 55 55 89 9 4 9 50 79 47 44 22 47 70 83 6 24 35 41 75 88 2 56 83 76 21 36 30 56 60 31 33 61 40 35 10 17 18 11 61 58 16 68 84 2 42 0 11 3 70 41 0 61 74 12 97 89 36 56 7 29 31 76 14 39 18 51 77 65 42 87 6 69 13 86 77 58 98 51 4 97 33 31 4 72 22 71 23 59 44 19 12 16 10 96 90 78 38 49 57 35 39 32 18 90 90 55 68 99 91 20 6 54 59 99 79 0 61 82 15 31 60 27 64 67 25 50 52 61 66 37 41 62 81 26 45 93 52 26 18 96 59 44 52 47 66 4 94 17 1 95 16 14 80 80 90 78 82 22 44 10 20 30 96 83 60 20 37 54 75 83 72 98 19 54 10 17 53 35 96 55 59 72 36 73 33 61 49 58 61 58 5 59 7 95 39 34 53 0 16 32 58 26 35 9 51 51 39 79 39 32 40 5 85 45 99 76 55 90 77 86 51 21 20 65 66 90 66 41 36 0 68 47 81 88 27 96 32 3 66 24 74 25 40 96 24 51 84 83 98 21 99 41 50 43 44 46 54 87 4 93 62 70 15 57 12 27 42 67 10 60 12 37 66 36 41 98 90 42 21 6 23 58 49 68 50 86 24 26 83 45 8 61 66 62 4 53 98 3 26 15 12 87 88 82
         Sorted Vector:      0 0 0 0 0 0 0 0 0 0 0 1 1 1 1 1 1 1 1 2 2 2 2 2 2 2 2 2 3 3 3 3 3 3 3 3 3 3 3 4 4 4 4 4 4 4 4 4 4 4 4 4 5 5 5 5 5 5 5 5 5 5 5 5 5 5 5 6 6 6 6 6 6 6 6 6 6 6 7 7 7 7 7 7 7 7 7 7 7 7 8 8 8 8 8 8 8 8 8 8 9 9 9 9 9 9 9 9 9 9 9 9 9 10 10 10 10 10 10 10 10 10 10 11 11 11 11 11 11 11 11 11 11 11 11 12 12 12 12 12 12 12 12 12 12 12 12 12 12 12 13 13 13 13 13 13 13 13 13 13 13 13 14 14 14 14 14 14 14 14 14 15 15 15 15 15 15 15 15 15 15 16 16 16 16 16 16 16 16 16 16 16 16 16 16 16 17 17 17 17 17 17 17 17 17 17 17 17 17 17 17 17 18 18 18 18 18 18 18 18 18 18 18 18 19 19 19 19 19 19 19 19 20 20 20 20 20 20 20 20 20 20 20 20 20 20 20 20 20 20 20 20 21 21 21 21 21 21 21 21 21 21 21 21 21 21 21 21 22 22 22 22 22 22 22 22 22 22 22 22 22 23 23 23 23 23 23 23 23 23 23 23 23 23 23 23 23 23 23 24 24 24 24 24 24 24 24 24 25 25 25 25 25 25 25 25 25 25 25 26 26 26 26 26 26 26 26 26 26 26 26 26 26 27 27 27 27 27 27 27 28 28 28 28 28 28 28 28 28 28 28 29 29 29 29 29 29 29 29 29 30 30 30 30 30 30 30 30 30 30 31 31 31 31 31 31 31 31 31 31 31 31 32 32 32 32 32 32 32 32 32 32 32 32 32 33 33 33 33 33 33 33 33 33 34 34 34 34 34 34 34 34 34 34 35 35 35 35 35 35 35 35 35 35 35 35 35 35 35 36 36 36 36 36 36 36 36 36 37 37 37 37 37 37 37 37 37 37 38 38 38 38 38 38 38 38 38 38 38 38 38 38 38 38 39 39 39 39 39 39 39 39 39 39 39 39 39 39 39 39 39 40 40 40 40 40 40 40 40 40 40 40 40 40 40 40 40 41 41 41 41 41 41 41 41 41 41 41 41 41 41 41 41 41 41 41 41 41 42 42 42 42 42 42 42 42 42 42 42 42 42 42 42 42 43 43 43 43 43 43 43 43 43 44 44 44 44 44 44 44 44 44 44 44 44 44 44 45 45 45 45 45 45 45 45 46 46 46 46 46 46 46 47 47 47 47 47 47 47 47 47 47 48 48 48 48 48 48 48 49 49 49 49 49 49 49 49 49 49 49 49 50 50 50 50 50 50 50 50 50 50 50 50 50 50 51 51 51 51 51 51 51 51 51 51 51 51 51 51 51 51 51 52 52 52 52 52 52 52 52 52 52 52 53 53 53 53 53 53 53 53 53 53 53 53 53 53 53 53 54 54 54 54 54 54 54 54 54 54 54 54 54 54 55 55 55 55 55 55 55 55 55 55 55 56 56 56 56 56 56 56 56 56 56 56 57 57 57 57 57 57 57 57 57 57 57 57 57 57 57 57 58 58 58 58 58 58 58 58 58 58 58 58 58 58 59 59 59 59 59 59 59 59 59 59 59 59 59 60 60 60 60 60 60 60 60 60 60 61 61 61 61 61 61 61 61 61 61 61 61 61 61 61 61 61 62 62 62 62 62 62 62 62 62 62 62 63 63 63 63 63 63 63 63 63 63 64 64 64 64 64 64 64 64 64 64 64 64 64 64 64 65 65 65 65 65 65 65 65 65 65 65 65 65 65 65 65 66 66 66 66 66 66 66 66 66 66 66 66 66 66 66 66 67 67 67 67 67 67 67 67 67 67 67 68 68 68 68 68 68 68 68 68 68 68 68 68 68 68 68 69 69 69 69 69 69 69 69 69 69 70 70 70 70 70 70 70 70 70 70 71 71 71 71 71 71 71 71 71 71 71 72 72 72 72 72 72 72 72 72 72 72 73 73 73 73 73 73 73 73 73 73 73 74 74 74 74 74 74 74 74 74 74 74 74 74 74 74 74 75 75 75 75 75 75 75 75 75 75 75 75 76 76 76 76 76 76 76 77 77 77 77 77 77 77 77 77 77 78 78 78 78 78 78 78 78 78 78 78 78 78 79 79 79 79 79 79 79 79 79 79 79 79 79 79 79 80 80 80 80 80 80 80 80 80 81 81 81 81 81 81 81 81 82 82 82 82 82 82 82 82 82 82 82 82 83 83 83 83 83 83 83 83 83 83 83 83 83 84 84 84 84 84 84 84 84 84 84 84 84 84 85 85 85 85 85 85 85 85 85 85 85 85 85 85 85 85 86 86 86 86 86 86 86 86 87 87 87 87 87 87 88 88 88 88 88 88 88 88 89 89 89 89 89 89 89 89 89 89 89 89 89 89 89 89 89 89 89 90 90 90 90 90 90 90 90 90 90 90 90 90 91 91 91 91 91 91 91 91 92 92 92 92 92 92 92 92 93 93 93 93 93 93 93 93 93 93 94 94 94 94 94 94 94 94 94 94 94 94 94 95 95 95 95 95 95 95 95 95 95 96 96 96 96 96 96 96 96 96 96 96 96 96 96 96 96 97 97 97 97 97 97 97 97 97 97 97 98 98 98 98 98 98 98 98 98 98 98 99 99 99 99 99 99 99 99 99 99 99 99
         Sorted LinkedList:  0 0 0 0 0 0 0 0 0 0 0 1 1 1 1 1 1 1 1 2 2 2 2 2 2 2 2 2 3 3 3 3 3 3 3 3 3 3 3 4 4 4 4 4 4 4 4 4 4 4 4 4 5 5 5 5 5 5 5 5 5 5 5 5 5 5 5 6 6 6 6 6 6 6 6 6 6 6 7 7 7 7 7 7 7 7 7 7 7 7 8 8 8 8 8 8 8 8 8 8 9 9 9 9 9 9 9 9 9 9 9 9 9 10 10 10 10 10 10 10 10 10 10 11 11 11 11 11 11 11 11 11 11 11 11 12 12 12 12 12 12 12 12 12 12 12 12 12 12 12 13 13 13 13 13 13 13 13 13 13 13 13 14 14 14 14 14 14 14 14 14 15 15 15 15 15 15 15 15 15 15 16 16 16 16 16 16 16 16 16 16 16 16 16 16 16 17 17 17 17 17 17 17 17 17 17 17 17 17 17 17 17 18 18 18 18 18 18 18 18 18 18 18 18 19 19 19 19 19 19 19 19 20 20 20 20 20 20 20 20 20 20 20 20 20 20 20 20 20 20 20 20 21 21 21 21 21 21 21 21 21 21 21 21 21 21 21 21 22 22 22 22 22 22 22 22 22 22 22 22 22 23 23 23 23 23 23 23 23 23 23 23 23 23 23 23 23 23 23 24 24 24 24 24 24 24 24 24 25 25 25 25 25 25 25 25 25 25 25 26 26 26 26 26 26 26 26 26 26 26 26 26 26 27 27 27 27 27 27 27 28 28 28 28 28 28 28 28 28 28 28 29 29 29 29 29 29 29 29 29 30 30 30 30 30 30 30 30 30 30 31 31 31 31 31 31 31 31 31 31 31 31 32 32 32 32 32 32 32 32 32 32 32 32 32 33 33 33 33 33 33 33 33 33 34 34 34 34 34 34 34 34 34 34 35 35 35 35 35 35 35 35 35 35 35 35 35 35 35 36 36 36 36 36 36 36 36 36 37 37 37 37 37 37 37 37 37 37 38 38 38 38 38 38 38 38 38 38 38 38 38 38 38 38 39 39 39 39 39 39 39 39 39 39 39 39 39 39 39 39 39 40 40 40 40 40 40 40 40 40 40 40 40 40 40 40 40 41 41 41 41 41 41 41 41 41 41 41 41 41 41 41 41 41 41 41 41 41 42 42 42 42 42 42 42 42 42 42 42 42 42 42 42 42 43 43 43 43 43 43 43 43 43 44 44 44 44 44 44 44 44 44 44 44 44 44 44 45 45 45 45 45 45 45 45 46 46 46 46 46 46 46 47 47 47 47 47 47 47 47 47 47 48 48 48 48 48 48 48 49 49 49 49 49 49 49 49 49 49 49 49 50 50 50 50 50 50 50 50 50 50 50 50 50 50 51 51 51 51 51 51 51 51 51 51 51 51 51 51 51 51 51 52 52 52 52 52 52 52 52 52 52 52 53 53 53 53 53 53 53 53 53 53 53 53 53 53 53 53 54 54 54 54 54 54 54 54 54 54 54 54 54 54 55 55 55 55 55 55 55 55 55 55 55 56 56 56 56 56 56 56 56 56 56 56 57 57 57 57 57 57 57 57 57 57 57 57 57 57 57 57 58 58 58 58 58 58 58 58 58 58 58 58 58 58 59 59 59 59 59 59 59 59 59 59 59 59 59 60 60 60 60 60 60 60 60 60 60 61 61 61 61 61 61 61 61 61 61 61 61 61 61 61 61 61 62 62 62 62 62 62 62 62 62 62 62 63 63 63 63 63 63 63 63 63 63 64 64 64 64 64 64 64 64 64 64 64 64 64 64 64 65 65 65 65 65 65 65 65 65 65 65 65 65 65 65 65 66 66 66 66 66 66 66 66 66 66 66 66 66 66 66 66 67 67 67 67 67 67 67 67 67 67 67 68 68 68 68 68 68 68 68 68 68 68 68 68 68 68 68 69 69 69 69 69 69 69 69 69 69 70 70 70 70 70 70 70 70 70 70 71 71 71 71 71 71 71 71 71 71 71 72 72 72 72 72 72 72 72 72 72 72 73 73 73 73 73 73 73 73 73 73 73 74 74 74 74 74 74 74 74 74 74 74 74 74 74 74 74 75 75 75 75 75 75 75 75 75 75 75 75 76 76 76 76 76 76 76 77 77 77 77 77 77 77 77 77 77 78 78 78 78 78 78 78 78 78 78 78 78 78 79 79 79 79 79 79 79 79 79 79 79 79 79 79 79 80 80 80 80 80 80 80 80 80 81 81 81 81 81 81 81 81 82 82 82 82 82 82 82 82 82 82 82 82 83 83 83 83 83 83 83 83 83 83 83 83 83 84 84 84 84 84 84 84 84 84 84 84 84 84 85 85 85 85 85 85 85 85 85 85 85 85 85 85 85 85 86 86 86 86 86 86 86 86 87 87 87 87 87 87 88 88 88 88 88 88 88 88 89 89 89 89 89 89 89 89 89 89 89 89 89 89 89 89 89 89 89 90 90 90 90 90 90 90 90 90 90 90 90 90 91 91 91 91 91 91 91 91 92 92 92 92 92 92 92 92 93 93 93 93 93 93 93 93 93 93 94 94 94 94 94 94 94 94 94 94 94 94 94 95 95 95 95 95 95 95 95 95 95 96 96 96 96 96 96 96 96 96 96 96 96 96 96 96 96 97 97 97 97 97 97 97 97 97 97 97 98 98 98 98 98 98 98 98 98 98 98 99 99 99 99 99 99 99 99 99 99 99 99

         Elapsed time for sorting a 1210-element vector or linkedlist:
                                         Vector(BinaryInsertionSort): 0.081169
                                           Linkedlist(InsertionSort): 0.000909

 From the length of 1210, we could see for the sorted vector and list, there are many 000000000111111122222. in this circumenstance, if the next node is the number
 of 1, linkedlist could immediately just put it after the bunches of 1. However, the binary insertion may cut for several times and then put the 1 in the middle,
 which possibly lead to a longer expectation.

Also, after searching and inserting elements, linked list is DESERVED to be better and faster because the reason to design linked list is for better insertion
and deletion during appending and deleting elements. The constant time for insertion and deletion for the vector actually hurts its time because everytime the
program may change mountains of the other index(possibly).

Thirdly, it may lead to a longer time. For me insertion sort for the linked list, we immediately append after head if we find the element is smaller than head.
However, for the binary insertion, even though we find the smallest number, we still need to cut half, cult half, and repeatedly cut half.



Thus, time of the linkedlist is smaller than vector's as the length turns bigger.